862
834
846
838
868
924
880
834
832
842
834
854
912
908
914
878
904
866
902
934
888
850
842
830
880
890
892
894
834
840
834
876
886
866
872
824
786
816
828
844
838
832
830
796
788
810
856
868
836
836
816
810
852
862
926
880
838
856
834
814
858
886
892
840
822
854
834
850
882
888
830
798
846
830
834
868
876
870
814
830
850
830
858
858
852
820
804
830
840
832
866
848
814
776
778
850
848
846
872
852
836
824
872
902
888
894
854
858
844
840
910
892
860
832
840
848
856
894
910
866
840
834
856
850
874
910
860
816
820
846
842
854
880
856
814
806
804
848
862
838
884
850
796
806
834
862
856
850
836
794
786
794
852
832
812
820
788
776
792
800
854
850
824
834
814
804
842
858
892
854
832
840
820
808
848
866
842
818
806
794
790
820
832
832
792
760
788
810
828
878
896
908
894
886
880
880
884
912
884
842
814
858
870
870
886
872
854
822
872
926
908
916
872
866
834
834
926
898
874
870
852
848
850
918
918
902
866
868
866
874
922
932
902
862
850
864
856
894
920
856
828
818
852
848
852
900
858
800
818
824
840
856
866
868
806
786
798
842
848
838
862
832
800
812
800
872
854
824
872
826
790
824
844
874
838
818
814
784
758
800
840
840
818
804
798
778
780
816
844
834
796
788
802
774
798
838
850
836
790
796
810
796
826
838
838
798
776
790
788
800
832
804
808
742
708
722
756
778
802
826
826
824
794
836
906
850
850
862
842
816
800
870
898
878
882
868
854
846
880
906
886
886
860
874
850
888
952
902
876
854
872
878
882
946
