0.991
0.915
1.414
1.331
1.160
1.254
1.347
1.266
1.290
1.322
1.252
1.282
1.246
1.187
1.229
1.229
1.184
1.304
1.297
1.242
1.279
1.244
1.286
1.326
1.291
1.276
1.242
1.208
1.269
1.213
1.148
1.208
1.217
1.169
1.243
1.264
1.219
1.130
1.215
1.232
1.278
1.218
1.116
1.226
1.272
1.158
1.297
1.264
1.318
1.307
1.290
1.208
1.306
1.286
1.214
1.274
1.277
1.264
1.307
1.268
1.330
1.346
1.315
1.316
1.292
1.335
1.298
1.296
1.318
1.264
1.291
1.296
1.255
1.323
1.325
1.293
1.363
1.292
1.344
1.278
1.286
1.289
1.261
1.309
1.308
1.293
1.325
1.230
1.286
1.208
1.190
1.242
1.162
1.160
1.171
1.116
1.189
1.075
1.053
1.153
1.224
1.192
1.197
1.230
1.202
1.237
1.167
1.193
1.244
1.154
1.201
1.246
1.198
1.253
1.255
1.242
1.275
1.171
1.225
1.247
1.209
1.258
1.196
1.206
1.247
1.198
1.254
1.237
1.175
1.251
1.224
1.189
1.212
1.133
1.140
1.240
1.144
1.131
1.221
1.198
1.166
1.246
1.254
1.206
1.332
1.237
1.282
1.266
1.194
1.293
1.268
1.139
1.035
1.177
1.096
1.088
1.171
1.158
1.186
1.259
1.226
1.172
1.235
1.179
1.211
1.255
1.196
1.261
1.232
1.188
1.251
1.209
1.152
1.238
1.188
1.194
1.272
1.254
1.227
1.292
1.251
1.184
1.222
1.152
1.139
1.223
1.186
1.214
1.236
1.155
1.202
1.216
1.175
1.227
1.223
1.179
1.240
1.197
1.188
1.141
1.141
1.132
1.046
1.090
1.223
1.165
1.278
1.272
1.199
1.298
1.312
1.283
1.341
1.297
1.267
1.310
1.248
1.247
1.185
1.054
1.229
1.251
1.190
1.225
1.176
1.109
1.240
1.190
1.194
1.246
1.215
1.144
1.213
1.175
1.130
1.081
1.173
1.143
1.122
1.028
1.154
1.134
1.188
1.165
1.219
1.292
1.227
1.272
1.259
1.189
1.251
1.224
1.244
1.266
1.197
1.280
1.094
1.086
1.187
1.204
1.167
1.298
1.239
1.313
1.288
1.202
1.245
1.183
1.185
1.220
1.174
1.194
1.206
1.165
1.211
1.238
1.166
1.194
1.150
1.132
1.138
1.092
1.117
1.133
1.072
1.141
1.156
1.105
1.167
1.161
1.080
1.134
1.122
1.073
0.979
0.903
0.799
0.792
0.800
0.763
0.759
0.767
0.757
0.731
0.717
0.712
0.714
0.708
0.687
0.689
0.704
0.725
0.780
0.844
0.920
0.968
0.971
1.003
1.045
1.054
1.072
1.101
1.090
1.080
1.055
1.021
1.013
1.028
1.018
1.055
1.040
0.991
0.963
0.934
0.868
0.841
0.948
1.089
1.093
1.099
1.160
1.177
1.144
1.111
1.080
1.053
1.074
1.078
1.062
1.086
1.061
0.973
0.932
0.956
1.003
1.009
0.989
0.976
1.009
1.015
1.000
1.019
1.020
1.026
1.047
1.054
1.020
0.975
0.972
0.968
0.962
0.970
0.989
1.003
1.000
1.006
1.009
0.972
0.925
0.933
0.946
0.936
0.933
0.963
0.996
0.962
0.954
0.992
0.972
0.964
0.960
0.943
0.938
0.968
0.976
1.002
1.034
1.050
1.038
1.018
1.041
1.053
1.027
0.991
0.983
0.998
1.020
1.001
0.968
0.954
0.981
1.005
0.939
0.897
0.873
0.888
0.921
0.930
0.905
0.861
0.864
0.880
0.895
0.903
0.877
0.822
0.827
0.835
0.916
0.943
0.924
0.956
0.976
0.936
0.903
0.932
0.991
1.044
1.042
1.016
1.002
0.990
0.955
0.913
0.907
0.895
0.860
0.866
0.866
0.876
0.878
0.871
0.851
0.856
0.901
0.965
1.012
1.011
0.990
0.946
0.858
0.830
0.851
0.975
1.056
1.075
1.066
1.068
1.068
1.040
0.978
0.928
0.893
0.867
0.871
0.872
0.893
0.896
0.934
0.968
0.918
0.872
0.911
0.903
0.873
0.872
0.905
0.945
0.941
0.926
0.900
0.907
0.930
0.957
0.955
0.950
0.960
0.938
0.917
0.970
0.986
0.996
0.998
0.953
0.908
0.909
0.903
0.911
0.937
0.905
0.936
0.986
0.999
0.992
0.998
0.981
0.947
0.923
0.907
0.906
0.915
0.924
0.942
0.963
0.989
1.015
1.007
0.995
1.023
1.003
0.969
0.936
0.944
0.970
0.974
0.953
0.966
0.956
0.956
0.963
0.955
0.951
0.976
0.958
0.935
0.967
1.008
0.986
0.938
0.945
0.940
0.938
0.936
0.904
0.878
0.855
0.848
0.838
0.841
0.840
0.843
0.854
0.900
0.940
0.955
0.895
0.856
0.837
0.805
0.812
0.805
0.809
0.822
0.868
0.904
0.934
1.008
0.970
0.955
0.917
0.909
0.917
0.913
0.903
0.905
0.885
0.883
0.875
0.887
0.899
0.883
0.903
0.918
0.933
0.929
0.928
0.967
0.971
0.963
0.939
0.921
0.915
0.904
0.920
0.908
0.885
0.867
0.840
0.837
0.841
0.853
0.881
0.913
0.891
0.901
0.898
0.881
0.858
0.861
0.849
0.847
0.810
0.783
0.799
0.846
0.887
0.869
0.855
0.829
0.837
0.817
0.793
0.789
0.795
0.802
0.811
0.845
0.861
0.867
0.883
0.890
0.900
0.885
0.885
0.867
0.849
0.853
0.855
0.853
0.849
0.872
0.889
0.905
0.880
0.864
0.883
0.871
0.853
0.840
0.859
0.862
0.853
0.871
0.877
0.899
0.901
0.934
0.970
0.970
0.989
0.998
0.978
0.934
0.926
0.920
0.938
0.944
0.988
0.980
0.993
0.972
0.955
0.934
0.906
0.944
0.940
0.937
0.923
0.953
0.890
0.866
0.876
0.930
0.957
0.929
0.876
0.862
0.893
0.903
0.911
0.916
